<CoordinateSystem> { Z-Up }

<Comment> {
  "dae2egg models/girl.dae models/girl.egg"
}
<Group> Scene {
  <Dart> { 1 }
  <Group> Armature {
    <Transform> {
      <Matrix4> {
        1 0 0 0
        0 1 0 0
        0 0 1 0
        0 0 6.54841804504395 1
      }
    }
    <Joint> Armature_lowerBody {
      <Transform> {
        <Matrix4> {
          1 2.38249995732076e-07 8.95933993660947e-09 0
          0 -0.0375781916081905 0.999293684959412 0
          2.38419005427204e-07 -0.999293684959412 -0.0375782288610935 0
          0 0.325458496809006 0 1
        }
      }
      <Joint> Armature_middleBody {
        <Transform> {
          <Matrix4> {
            1 3.55106988259024e-09 2.65120009279585e-11 0
            -3.55106988259024e-09 0.999889016151428 0.0148942600935698 0
            2.6397800612088e-11 -0.0148942600935698 0.999889016151428 0
            0 1.25975894927979 0 1
          }
        }
        <Joint> Armature_chest {
          <Transform> {
            <Matrix4> {
              1 -7.14143979507753e-08 1.0946799022804e-08 0
              7.14143979507753e-08 0.95408570766449 -0.299533694982529 0
              1.0946799022804e-08 0.299533694982529 0.95408570766449 0
              0 1.12803602218628 0 1
            }
          }
          <Joint> Armature_neck {
            <Transform> {
              <Matrix4> {
                0.00140684901271015 -0.185545802116394 0.982634484767914 0
                0.0216879192739725 0.98241001367569 0.185472398996353 0
                -0.99976372718811 0.0210503600537777 0.00540620507672429 0
                0 1.43058598041534 0 1
              }
            }
            <Joint> Armature_head {
              <Transform> {
                <Matrix4> {
                  0.00140683096833527 0.0216880608350039 -0.999763906002045 0
                  0.337418913841248 0.941122710704803 0.0208907406777143 0
                  0.941353619098663 -0.337368607521057 -0.00599395576864481 0
                  0 0.442076295614243 9.31322929886846e-09 1
                }
              }
            }
          }
          <Joint> Armature_shoulder_L {
            <Transform> {
              <Matrix4> {
                0.0141786998137832 -0.968712627887726 -0.247779905796051 0
                0.904059410095215 0.118285700678825 -0.410713195800781 0
                0.427171885967255 -0.218184307217598 0.877450823783875 0
                0.17453770339489 0.832314729690552 0.314549714326859 1
              }
            }
            <Joint> Armature_upperArm_L {
              <Transform> {
                <Matrix4> {
                  -0.0131919700652361 -0.428348690271378 0.903517305850983 0
                  0.996051728725433 0.0737047269940376 0.0494856312870979 0
                  -0.0877905935049057 0.900602579116821 0.425685107707977 0
                  -3.50177003838326e-07 0.937983870506287 -6.33298995467158e-08 1
                }
              }
              <Joint> Armature_lowerArm_L {
                <Transform> {
                  <Matrix4> {
                    0.999807178974152 -0.0196298006922007 0.000258079991908744 0
                    0.019631190225482 0.999778926372528 -0.00754892779514194 0
                    -0.000109838998469058 0.00755253387615085 0.999971389770508 0
                    -2.98023010714132e-08 1.68068397045135 -1.19209005333687e-07 1
                  }
                }
                <Joint> Armature_hand2_L {
                  <Transform> {
                    <Matrix4> {
                      -0.999415814876556 -0.0341818407177925 1.43309000577574e-06 0
                      -0.0315458513796329 0.922328114509583 -0.385117590427399 0
                      0.0131627097725868 -0.384892612695694 -0.922867476940155 0
                      0 1.52723801136017 0 1
                    }
                  }
                  <Joint> Armature_finger2_L {
                    <Transform> {
                      <Matrix4> {
                        -0.99999988079071 -8.69283951487887e-07 -2.8422598461475e-06 0
                        2.63881986484193e-07 0.926531970500946 -0.376215010881424 0
                        2.96049006465182e-06 -0.376215189695358 -0.926532089710236 0
                        0 0.388031899929047 2.38419005427204e-07 1
                      }
                    }
                  }
                }
                <Joint> Armature_hand1_L {
                  <Transform> {
                    <Matrix4> {
                      0.999415814876556 0.034181971102953 -8.39167057620216e-07 0
                      -0.0333327800035477 0.974592089653015 0.221493095159531 0
                      0.00757188908755779 -0.221363604068756 0.975162029266357 0
                      0 1.52723801136017 0 1
                    }
                  }
                  <Joint> Armature_finger1_L {
                    <Transform> {
                      <Matrix4> {
                        -1 4.90889988213894e-07 1.23517997963063e-06 0
                        -7.2361004299637e-08 0.907815277576447 -0.419370204210281 0
                        -1.32718002987531e-06 -0.419370204210281 -0.907815277576447 0
                        0 0.433494687080383 1.19209005333687e-07 1
                      }
                    }
                  }
                }
              }
            }
          }
          <Joint> Armature_shoulder_R {
            <Transform> {
              <Matrix4> {
                0.0141788404434919 -0.952112376689911 -0.305418998003006 0
                -0.904059112071991 0.118285797536373 -0.410713613033295 0
                0.427172213792801 0.281940102577209 -0.859088718891144 0
                -0.174537897109985 0.832314729690552 0.314549595117569 1
              }
            }
            <Joint> Armature_upperArm_R {
              <Transform> {
                <Matrix4> {
                  -0.0734205469489098 -0.425662696361542 -0.901898324489594 0
                  0.990577697753906 0.0737048387527466 -0.115425698459148 0
                  0.11560670286417 -0.90187531709671 0.416240692138672 0
                  -2.64496009094728e-07 0.937983989715576 -1.49012002736981e-08 1
                }
              }
              <Joint> Armature_lowerArm_R {
                <Transform> {
                  <Matrix4> {
                    0.999801099300385 -0.0195804499089718 -0.0037575860042125 0
                    0.0196086000651121 0.999778807163239 0.00760740786790848 0
                    0.00360779790207744 -0.00767957419157028 0.999963879585266 0
                    0 1.68068301677704 -1.19209005333687e-07 1
                  }
                }
                <Joint> Armature_hand2_R {
                  <Transform> {
                    <Matrix4> {
                      -0.999394714832306 -0.0341822393238544 -0.00647623604163527 0
                      -0.0340405888855457 0.922327876091003 0.384905010461807 0
                      -0.00718371011316776 0.384892612695694 -0.922933399677277 0
                      2.98023010714132e-08 1.52724003791809 0 1
                    }
                  }
                  <Joint> Armature_finger2_R {
                    <Transform> {
                      <Matrix4> {
                        -1 8.977840479929e-07 -2.59827993431827e-06 0
                        -1.4568699668871e-07 0.926532685756683 0.376215308904648 0
                        2.74515014098142e-06 0.376215100288391 -0.926532387733459 0
                        2.98023010714132e-08 0.388031899929047 -2.38419005427204e-07 1
                      }
                    }
                  }
                }
                <Joint> Armature_hand1_R {
                  <Transform> {
                    <Matrix4> {
                      0.999394595623016 0.034182108938694 0.00647679716348648 0
                      -0.0318969786167145 0.974591970443726 -0.221704706549644 0
                      -0.0138905700296164 0.221363797783852 0.97509241104126 0
                      2.98023010714132e-08 1.52724003791809 0 1
                    }
                  }
                  <Joint> Armature_finger1_R {
                    <Transform> {
                      <Matrix4> {
                        -1 -2.95364003477516e-07 1.03973991372186e-06 0
                        1.67902001635412e-07 0.907815098762512 0.419370204210281 0
                        -1.06775996755459e-06 0.419370412826538 -0.907815277576447 0
                        0 0.433494389057159 0 1
                      }
                    }
                  }
                }
              }
            }
          }
        }
      }
      <Joint> Armature_upperLeg_L {
        <Transform> {
          <Matrix4> {
            0.00018814200302586 -0.0324420295655727 -0.999464988708496 0
            -0.0394209697842598 -0.99869692325592 0.032410241663456 0
            -0.999216973781586 0.0393929816782475 -0.00148078799247742 0
            0.564437627792358 -0.136929005384445 0.0434792898595333 1
          }
        }
        <Joint> Armature_lowerLeg_L {
          <Transform> {
            <Matrix4> {
              0.99999988079071 0.000500983966048807 0.000168020997080021 0
              -0.000494260981213301 0.999282479286194 -0.0378744602203369 0
              -0.000186874996870756 0.0378743708133698 0.999282479286194 0
              -2.98023010714132e-08 2.72618794441223 -2.98023010714132e-08 1
            }
          }
          <Joint> Armature_upperFoot_L {
            <Transform> {
              <Matrix4> {
                -1.28320998555864e-05 0.00154304201714694 0.999998688697815 0
                -0.360083699226379 0.932918727397919 -0.00144423299934715 0
                -0.932919919490814 -0.360083311796188 0.000543661008123308 0
                2.98023010714132e-08 3.01851296424866 5.96046021428265e-08 1
              }
            }
            <Joint> Armature_middleFoot_L {
              <Transform> {
                <Matrix4> {
                  1 -3.24067997325983e-07 -1.32750992634101e-05 0
                  1.11609006125946e-05 0.562169909477234 0.827021777629852 0
                  7.19482977729058e-06 -0.827021777629852 0.562169790267944 0
                  2.98023010714132e-08 0.520862877368927 -2.08616000918482e-07 1
                }
              }
              <Joint> Armature_lowerFoot_L {
                <Transform> {
                  <Matrix4> {
                    0.99999988079071 -1.83796998953767e-07 9.40662971515849e-07 0
                    5.14682021446333e-08 0.990322589874268 0.138784602284431 0
                    -9.57067982199078e-07 -0.138784602284431 0.990322470664978 0
                    0 0.326032996177673 8.56816981809061e-08 1
                  }
                }
              }
            }
          }
        }
      }
      <Joint> Armature_upperLeg_R {
        <Transform> {
          <Matrix4> {
            0.000216736996662803 -0.0324272215366364 -0.999465107917786 0
            0.0394209511578083 -0.99869692325592 0.0324102602899075 0
            -0.999216675758362 -0.0394070111215115 0.00107634102459997 0
            -0.564437627792358 -0.136929005384445 0.04347899928689 1
          }
        }
        <Joint> Armature_lowerLeg_R {
          <Transform> {
            <Matrix4> {
              0.99999988079071 0.000502068956848234 0.000207693999982439 0
              -0.000509573961608112 0.999282479286194 0.0378742590546608 0
              -0.000188528996659443 -0.0378743596374989 0.999282598495483 0
              -2.98023010714132e-08 2.72618794441223 2.98023010714132e-08 1
            }
          }
          <Joint> Armature_upperFoot_R {
            <Transform> {
              <Matrix4> {
                -1.64227985806065e-05 -0.0015432300278917 0.999998927116394 0
                -0.360083788633347 0.932918906211853 0.00143374397885054 0
                -0.932919919490814 -0.360083311796188 -0.000571008014958352 0
                -2.98023010714132e-08 3.01851296424866 -2.98023010714132e-08 1
              }
            }
            <Joint> Armature_middleFoot_R {
              <Transform> {
                <Matrix4> {
                  1 -3.60973018587174e-07 1.34397996589541e-05 0
                  -1.09121001514723e-05 0.562170684337616 0.827021420001984 0
                  -7.8539796959376e-06 -0.827021420001984 0.562170624732971 0
                  0 0.520862877368927 1.04308000459241e-07 1
                }
              }
              <Joint> Armature_lowerFoot_R {
                <Transform> {
                  <Matrix4> {
                    0.99999988079071 -2.81913997923766e-07 1.64911000410939e-06 0
                    5.03136021734463e-08 0.990322589874268 0.138784497976303 0
                    -1.67227995007124e-06 -0.138784497976303 0.990322470664978 0
                    0 0.32603320479393 2.60770001148103e-08 1
                  }
                }
              }
            }
          }
        }
      }
    }
  }
}
<Table> {
  <Bundle> Scene {
    <Table> "<skeleton>" {
      <Table> Armature_lowerBody {
        <Xfm$Anim_S$> xform {
          <Scalar> fps { inf }
        }
        <Table> Armature_middleBody {
          <Xfm$Anim_S$> xform {
            <Scalar> fps { inf }
          }
          <Table> Armature_chest {
            <Xfm$Anim_S$> xform {
              <Scalar> fps { inf }
            }
            <Table> Armature_neck {
              <Xfm$Anim_S$> xform {
                <Scalar> fps { inf }
              }
              <Table> Armature_head {
                <Xfm$Anim_S$> xform {
                  <Scalar> fps { inf }
                }
              }
            }
            <Table> Armature_shoulder_L {
              <Xfm$Anim_S$> xform {
                <Scalar> fps { inf }
              }
              <Table> Armature_upperArm_L {
                <Xfm$Anim_S$> xform {
                  <Scalar> fps { inf }
                }
                <Table> Armature_lowerArm_L {
                  <Xfm$Anim_S$> xform {
                    <Scalar> fps { inf }
                  }
                  <Table> Armature_hand2_L {
                    <Xfm$Anim_S$> xform {
                      <Scalar> fps { inf }
                    }
                    <Table> Armature_finger2_L {
                      <Xfm$Anim_S$> xform {
                        <Scalar> fps { inf }
                      }
                    }
                  }
                  <Table> Armature_hand1_L {
                    <Xfm$Anim_S$> xform {
                      <Scalar> fps { inf }
                    }
                    <Table> Armature_finger1_L {
                      <Xfm$Anim_S$> xform {
                        <Scalar> fps { inf }
                      }
                    }
                  }
                }
              }
            }
            <Table> Armature_shoulder_R {
              <Xfm$Anim_S$> xform {
                <Scalar> fps { inf }
              }
              <Table> Armature_upperArm_R {
                <Xfm$Anim_S$> xform {
                  <Scalar> fps { inf }
                }
                <Table> Armature_lowerArm_R {
                  <Xfm$Anim_S$> xform {
                    <Scalar> fps { inf }
                  }
                  <Table> Armature_hand2_R {
                    <Xfm$Anim_S$> xform {
                      <Scalar> fps { inf }
                    }
                    <Table> Armature_finger2_R {
                      <Xfm$Anim_S$> xform {
                        <Scalar> fps { inf }
                      }
                    }
                  }
                  <Table> Armature_hand1_R {
                    <Xfm$Anim_S$> xform {
                      <Scalar> fps { inf }
                    }
                    <Table> Armature_finger1_R {
                      <Xfm$Anim_S$> xform {
                        <Scalar> fps { inf }
                      }
                    }
                  }
                }
              }
            }
          }
        }
        <Table> Armature_upperLeg_L {
          <Xfm$Anim_S$> xform {
            <Scalar> fps { inf }
          }
          <Table> Armature_lowerLeg_L {
            <Xfm$Anim_S$> xform {
              <Scalar> fps { inf }
            }
            <Table> Armature_upperFoot_L {
              <Xfm$Anim_S$> xform {
                <Scalar> fps { inf }
              }
              <Table> Armature_middleFoot_L {
                <Xfm$Anim_S$> xform {
                  <Scalar> fps { inf }
                }
                <Table> Armature_lowerFoot_L {
                  <Xfm$Anim_S$> xform {
                    <Scalar> fps { inf }
                  }
                }
              }
            }
          }
        }
        <Table> Armature_upperLeg_R {
          <Xfm$Anim_S$> xform {
            <Scalar> fps { inf }
          }
          <Table> Armature_lowerLeg_R {
            <Xfm$Anim_S$> xform {
              <Scalar> fps { inf }
            }
            <Table> Armature_upperFoot_R {
              <Xfm$Anim_S$> xform {
                <Scalar> fps { inf }
              }
              <Table> Armature_middleFoot_R {
                <Xfm$Anim_S$> xform {
                  <Scalar> fps { inf }
                }
                <Table> Armature_lowerFoot_R {
                  <Xfm$Anim_S$> xform {
                    <Scalar> fps { inf }
                  }
                }
              }
            }
          }
        }
      }
    }
  }
}
